Attack was successful on: 489  images.
[30, 30, 30, 30, 20, 0, 0, 0, 0, 0]
[7, 4, 3, 6, 120, 0, 0, 0, 0, 0]
Mean k value: 668.5071574642127
Median k value: 300.0
Mode k value: ModeResult(mode=array([300]), count=array([263]))
Pielou Measure is: (0.26094269969547035-0j)
TIME TAKEN IN GENERATION OF ABOVE EXAMPLES:  62.357652257283526 seconds.

Failed Adversarial Indices:  [1, 2, 5, 8, 12, 27, 33, 41, 51, 71, 90, 91, 94, 95, 104, 107, 109, 110, 112, 115, 118, 119, 121, 122, 126, 134, 137, 138, 140, 141, 144, 160, 166, 168, 180, 184, 189, 191, 198, 199, 206, 210, 218, 222, 226, 233, 237, 244, 252, 255, 257, 260, 267, 268, 287, 300, 302, 319, 342, 343, 361, 362, 367, 370, 372, 375, 380, 383, 394, 403, 406, 408, 413, 416, 417, 418, 421, 427, 430, 433, 435, 445, 447, 454, 455, 460, 462, 471, 479, 486, 487, 490, 494, 501, 503, 504, 526, 532, 534, 542, 546, 553, 555, 558, 560, 567, 573, 578, 580, 589, 590]
