Length:  93
Mean:  1.9379628613166076
Median:  0.6589804510905579
Mode:  ModeResult(mode=array([3.04383365e-07]), count=array([1]))
[array([-0.2677621 , -0.12416982, -0.06393118,  0.375     , -0.01954727]), [0.6144696908494784, 0, 0, 0, 0.24778162824928196, 0.5105183514771817, 0.5083297166180334, 0, 0.48797899931794647, 0.260366061303827, 0.3964712005870155, 0.07391090653200717, 0.10443967835689767, 0, 0.11021728745961303, 0, 0.013677149873384947, 0.11831147435302436, 0, 0.16822473196287488, 0, 0, 0, 0, 0.041944016538670026, 0.014326039394554346, 0, 0, 0, 0, 0, 0.18785530645510223, 0.2320563823238554, 0, 0.12850517981265064, 0.11925002551108667, 0, 0.1830432644663127, 0, 0, 0, 0.0005286864137631839, 0, 0, 0, 0, 0.6141379983269786, 0.03594366508409474, 0, 0.029073660529449374], [0.6108307210344406, 0, 0, 0, 0, 0, 0, 0.050826135514081994, 0, 0, 0, 0, 1.0600288658567996, 0, 0, 0.3982289726955144, 0, 0.6589804510905579, 0.47377019000331866, 0, 0, 0, 0.46337635145213263, 0, 1.282123132033022, 0, 0, 0, 0, 0, 0.09487302649947699, 0, 0.9734669482272962, 0, 0, 0.09753505654038602, 1.5683062873679612, 0, 0, 0, 0.9598677053187091, 0, 0, 0.4853630462932276, 0.5338436222267301, 1.0318449276285337, 0, 0, 0.23373063654893278, 0.8401971866633933], [0, 4.675058307716231, 1.7247099948790305, 0.6117664945260275, 0, 0, 0, 0.39993399237306876, 0, 0, 1.4542096639335202, 0.8173460913559502, 0, 0, 4.122391841968795, 0, 0.17083582701503425, 0, 0, 0.8033009478962203, 0, 0, 0.6866726675388426, 0, 0, 0, 0, 0, 0, 0, 0, 5.453223850148048, 0, 1.4261945811369394, 3.2879102499562607, 0, 0, 4.943165378756216, 0, 0, 0.2362444592544487, 0, 1.0440410925390489, 0, 2.145936938132648, 0.38890051397221836, 2.164235276055927, 0.00035658512744651816, 0, 0], [0, 3.2023325752793736, 0, 0, 0, 6.326458967689389, 0.07926923124945429, 0, 0, 0, 1.5568170189559738, 0, 0, 3.043833647353722e-07, 0, 3.925225589824379, 0, 0, 0, 0.04422073267913079, 5.187088971384032, 0, 0, 0, 7.8405598304793305, 0, 1.0134099030099464, 5.906821691195454, 0.38180346297834633, 0, 1.2348659176527992, 0, 0, 0, 16.544950103256596, 0, 0, 0, 0, 0, 0, 0, 0, 0, 0, 0, 1.9560622019779945, 0, 0.38836632697899853, 0], [1.5990069887476563, 0, 0, 2.4992666096706926, 0, 0, 0, 0, 0, 0, 0, 4.976014451501304, 0, 0, 0, 1.2529300947118605, 0, 5.947663601017337, 0, 18.718993193551157, 0, 0, 0, 0, 0, 0, 0, 0, 0, 3.7310000631814986, 0.9334110569966388, 0, 0, 0, 0, 0, 0, 0, 0, 0, 0, 0, 0, 3.07331257976724, 0, 0, 0, 0, 0, 0], [0, 2.5152265634918987, 0, 0, 0, 0, 0, 0, 0, 0, 0, 0, 0.1205307477085853, 0, 0, 0, 0, 0, 0, 1.5630216948212023, 0, 0, 0, 0, 8.923294812769718, 0, 0, 0, 0, 0, 9.149420570893447, 0, 0, 0, 0, 0, 0, 0, 0, 0, 6.064211125566187, 0, 0, 0, 0, 0, 0, 0, 0, 0], array([-0.01015223, -0.01599692,  0.02646589, -0.01861299,  0.03562397])]
5
50
50
50
50
50
50
5
50    5    5
50    50    50
50    50    50
50    50    50
50    50    50
50    50    50
5    50    50
2071
5
5
Time taken in solving the query is:  0.26441264152526855  seconds. 
The query was:  unsat
Unsat time:  5
The total time taken was:  4.479499816894531  seconds.
 The minimum change done was:  5.0
Length:  93
Mean:  1.9379628613166076
Median:  0.6589804510905579
Mode:  ModeResult(mode=array([3.04383365e-07]), count=array([1]))
[array([-0.2677621 , -0.12416982, -0.06393118,  0.375     , -0.01954727]), [0.6144696908494784, 0, 0, 0, 0.24778162824928196, 0.5105183514771817, 0.5083297166180334, 0, 0.48797899931794647, 0.260366061303827, 0.3964712005870155, 0.07391090653200717, 0.10443967835689767, 0, 0.11021728745961303, 0, 0.013677149873384947, 0.11831147435302436, 0, 0.16822473196287488, 0, 0, 0, 0, 0.041944016538670026, 0.014326039394554346, 0, 0, 0, 0, 0, 0.18785530645510223, 0.2320563823238554, 0, 0.12850517981265064, 0.11925002551108667, 0, 0.1830432644663127, 0, 0, 0, 0.0005286864137631839, 0, 0, 0, 0, 0.6141379983269786, 0.03594366508409474, 0, 0.029073660529449374], [0.6108307210344406, 0, 0, 0, 0, 0, 0, 0.050826135514081994, 0, 0, 0, 0, 1.0600288658567996, 0, 0, 0.3982289726955144, 0, 0.6589804510905579, 0.47377019000331866, 0, 0, 0, 0.46337635145213263, 0, 1.282123132033022, 0, 0, 0, 0, 0, 0.09487302649947699, 0, 0.9734669482272962, 0, 0, 0.09753505654038602, 1.5683062873679612, 0, 0, 0, 0.9598677053187091, 0, 0, 0.4853630462932276, 0.5338436222267301, 1.0318449276285337, 0, 0, 0.23373063654893278, 0.8401971866633933], [0, 4.675058307716231, 1.7247099948790305, 0.6117664945260275, 0, 0, 0, 0.39993399237306876, 0, 0, 1.4542096639335202, 0.8173460913559502, 0, 0, 4.122391841968795, 0, 0.17083582701503425, 0, 0, 0.8033009478962203, 0, 0, 0.6866726675388426, 0, 0, 0, 0, 0, 0, 0, 0, 5.453223850148048, 0, 1.4261945811369394, 3.2879102499562607, 0, 0, 4.943165378756216, 0, 0, 0.2362444592544487, 0, 1.0440410925390489, 0, 2.145936938132648, 0.38890051397221836, 2.164235276055927, 0.00035658512744651816, 0, 0], [0, 3.2023325752793736, 0, 0, 0, 6.326458967689389, 0.07926923124945429, 0, 0, 0, 1.5568170189559738, 0, 0, 3.043833647353722e-07, 0, 3.925225589824379, 0, 0, 0, 0.04422073267913079, 5.187088971384032, 0, 0, 0, 7.8405598304793305, 0, 1.0134099030099464, 5.906821691195454, 0.38180346297834633, 0, 1.2348659176527992, 0, 0, 0, 16.544950103256596, 0, 0, 0, 0, 0, 0, 0, 0, 0, 0, 0, 1.9560622019779945, 0, 0.38836632697899853, 0], [1.5990069887476563, 0, 0, 2.4992666096706926, 0, 0, 0, 0, 0, 0, 0, 4.976014451501304, 0, 0, 0, 1.2529300947118605, 0, 5.947663601017337, 0, 18.718993193551157, 0, 0, 0, 0, 0, 0, 0, 0, 0, 3.7310000631814986, 0.9334110569966388, 0, 0, 0, 0, 0, 0, 0, 0, 0, 0, 0, 0, 3.07331257976724, 0, 0, 0, 0, 0, 0], [0, 2.5152265634918987, 0, 0, 0, 0, 0, 0, 0, 0, 0, 0, 0.1205307477085853, 0, 0, 0, 0, 0, 0, 1.5630216948212023, 0, 0, 0, 0, 8.923294812769718, 0, 0, 0, 0, 0, 9.149420570893447, 0, 0, 0, 0, 0, 0, 0, 0, 0, 6.064211125566187, 0, 0, 0, 0, 0, 0, 0, 0, 0], array([-0.01015223, -0.01599692,  0.02646589, -0.01861299,  0.03562397])]
5
50
50
50
50
50
50
5
50    5    5
(50, 5)
50    50    50
(50, 50)
50    50    50
(50, 50)
50    50    50
(50, 50)
50    50    50
(50, 50)
50    50    50
(50, 50)
5    50    50
(5, 50)
2071
5
5
Time taken in solving the query is:  0.26042747497558594  seconds. 
The query was:  unsat
Unsat time:  5
The total time taken was:  4.651503086090088  seconds.
 The minimum change done was:  5.0
Length:  93
Mean:  1.9379628613166076
Median:  0.6589804510905579
Mode:  ModeResult(mode=array([3.04383365e-07]), count=array([1]))
[array([-0.2677621 , -0.12416982, -0.06393118,  0.375     , -0.01954727]), [0.6144696908494784, 0, 0, 0, 0.24778162824928196, 0.5105183514771817, 0.5083297166180334, 0, 0.48797899931794647, 0.260366061303827, 0.3964712005870155, 0.07391090653200717, 0.10443967835689767, 0, 0.11021728745961303, 0, 0.013677149873384947, 0.11831147435302436, 0, 0.16822473196287488, 0, 0, 0, 0, 0.041944016538670026, 0.014326039394554346, 0, 0, 0, 0, 0, 0.18785530645510223, 0.2320563823238554, 0, 0.12850517981265064, 0.11925002551108667, 0, 0.1830432644663127, 0, 0, 0, 0.0005286864137631839, 0, 0, 0, 0, 0.6141379983269786, 0.03594366508409474, 0, 0.029073660529449374], [0.6108307210344406, 0, 0, 0, 0, 0, 0, 0.050826135514081994, 0, 0, 0, 0, 1.0600288658567996, 0, 0, 0.3982289726955144, 0, 0.6589804510905579, 0.47377019000331866, 0, 0, 0, 0.46337635145213263, 0, 1.282123132033022, 0, 0, 0, 0, 0, 0.09487302649947699, 0, 0.9734669482272962, 0, 0, 0.09753505654038602, 1.5683062873679612, 0, 0, 0, 0.9598677053187091, 0, 0, 0.4853630462932276, 0.5338436222267301, 1.0318449276285337, 0, 0, 0.23373063654893278, 0.8401971866633933], [0, 4.675058307716231, 1.7247099948790305, 0.6117664945260275, 0, 0, 0, 0.39993399237306876, 0, 0, 1.4542096639335202, 0.8173460913559502, 0, 0, 4.122391841968795, 0, 0.17083582701503425, 0, 0, 0.8033009478962203, 0, 0, 0.6866726675388426, 0, 0, 0, 0, 0, 0, 0, 0, 5.453223850148048, 0, 1.4261945811369394, 3.2879102499562607, 0, 0, 4.943165378756216, 0, 0, 0.2362444592544487, 0, 1.0440410925390489, 0, 2.145936938132648, 0.38890051397221836, 2.164235276055927, 0.00035658512744651816, 0, 0], [0, 3.2023325752793736, 0, 0, 0, 6.326458967689389, 0.07926923124945429, 0, 0, 0, 1.5568170189559738, 0, 0, 3.043833647353722e-07, 0, 3.925225589824379, 0, 0, 0, 0.04422073267913079, 5.187088971384032, 0, 0, 0, 7.8405598304793305, 0, 1.0134099030099464, 5.906821691195454, 0.38180346297834633, 0, 1.2348659176527992, 0, 0, 0, 16.544950103256596, 0, 0, 0, 0, 0, 0, 0, 0, 0, 0, 0, 1.9560622019779945, 0, 0.38836632697899853, 0], [1.5990069887476563, 0, 0, 2.4992666096706926, 0, 0, 0, 0, 0, 0, 0, 4.976014451501304, 0, 0, 0, 1.2529300947118605, 0, 5.947663601017337, 0, 18.718993193551157, 0, 0, 0, 0, 0, 0, 0, 0, 0, 3.7310000631814986, 0.9334110569966388, 0, 0, 0, 0, 0, 0, 0, 0, 0, 0, 0, 0, 3.07331257976724, 0, 0, 0, 0, 0, 0], [0, 2.5152265634918987, 0, 0, 0, 0, 0, 0, 0, 0, 0, 0, 0.1205307477085853, 0, 0, 0, 0, 0, 0, 1.5630216948212023, 0, 0, 0, 0, 8.923294812769718, 0, 0, 0, 0, 0, 9.149420570893447, 0, 0, 0, 0, 0, 0, 0, 0, 0, 6.064211125566187, 0, 0, 0, 0, 0, 0, 0, 0, 0], array([-0.01015223, -0.01599692,  0.02646589, -0.01861299,  0.03562397])]
5
50
50
50
50
50
50
5
50    5    5
(50, 5)     (5,)
50    50    50
(50, 50)     (50,)
50    50    50
(50, 50)     (50,)
50    50    50
(50, 50)     (50,)
50    50    50
(50, 50)     (50,)
50    50    50
(50, 50)     (50,)
5    50    50
(5, 50)     (50,)
2071
5
5
Time taken in solving the query is:  0.27314090728759766  seconds. 
The query was:  unsat
Unsat time:  5
The total time taken was:  4.761652231216431  seconds.
 The minimum change done was:  5.0
