379 500 75.8 %
747 1000 74.7 %
1135 1500 75.66666666666667 %
1535 2000 76.75 %
1902 2500 76.08 %
2286 3000 76.2 %
2679 3500 76.54285714285714 %
3053 4000 76.325 %
3458 4500 76.84444444444445 %
3831 5000 76.62 %
4216 5500 76.65454545454546 %
4603 6000 76.71666666666667 %
4991 6500 76.78461538461538 %
5364 7000 76.62857142857142 %
5752 7500 76.69333333333334 %
6129 8000 76.6125 %
6496 8500 76.4235294117647 %
6874 9000 76.37777777777778 %
7259 9500 76.41052631578947 %
7638 10000 76.38000000000001 %
8011 10500 76.29523809523809 %
8403 11000 76.39090909090909 %
8762 11500 76.19130434782608 %
9134 12000 76.11666666666666 %
9504 12500 76.032 %
9880 13000 76.0 %
10274 13500 76.1037037037037 %
10652 14000 76.08571428571429 %
11023 14500 76.02068965517242 %
11380 15000 75.86666666666667 %
11757 15500 75.85161290322581 %
12125 16000 75.78125 %
12480 16500 75.63636363636364 %
12853 17000 75.60588235294118 %
13219 17500 75.53714285714285 %
13598 18000 75.54444444444445 %
13980 18500 75.56756756756758 %
14350 19000 75.52631578947368 %
14703 19500 75.4 %
15073 20000 75.36500000000001 %
15456 20500 75.39512195121951 %
15840 21000 75.42857142857143 %
16211 21500 75.4 %
16587 22000 75.39545454545454 %
16963 22500 75.39111111111112 %
17333 23000 75.3608695652174 %
17710 23500 75.36170212765958 %
18078 24000 75.325 %
18438 24500 75.25714285714285 %
18838 25000 75.352 %
19223 25500 75.38431372549019 %
19582 26000 75.31538461538462 %
19945 26500 75.26415094339623 %
20321 27000 75.26296296296296 %
20695 27500 75.25454545454545 %
21074 28000 75.26428571428572 %
21439 28500 75.22456140350877 %
21815 29000 75.22413793103449 %
22192 29500 75.22711864406779 %
22575 30000 75.25 %
22952 30500 75.25245901639344 %
23330 31000 75.25806451612902 %
23706 31500 75.25714285714285 %
24076 32000 75.2375 %
24449 32500 75.22769230769231 %
24836 33000 75.26060606060607 %
25191 33500 75.19701492537313 %
25552 34000 75.15294117647059 %
25925 34500 75.14492753623189 %
26301 35000 75.14571428571428 %
26670 35500 75.12676056338027 %
27039 36000 75.10833333333333 %
27417 36500 75.11506849315069 %
27785 37000 75.0945945945946 %
28152 37500 75.072 %
28535 38000 75.09210526315789 %
28894 38500 75.04935064935066 %
29270 39000 75.05128205128206 %
29650 39500 75.0632911392405 %
30037 40000 75.0925 %
30404 40500 75.0716049382716 %
30777 41000 75.06585365853658 %
31155 41500 75.07228915662651 %
31554 42000 75.12857142857143 %
31653