quickshift(image, kernel_size=1, max_dist=4, ratio=0.5)

Output bound is set to -5 to 5
quick shift used 
marabou is used in finding first layer input neuron value

Failed Adv input indices:  [1, 4, 5, 6, 7, 8, 9, 11, 12, 13, 14, 15, 16, 17, 18, 19, 20, 21, 23, 25, 27, 29, 30, 31, 34, 35, 36, 38, 39, 40, 41, 42, 44, 46, 47, 48, 49, 52, 53, 54, 55, 56, 59, 60, 62, 63, 64, 65, 67, 69, 72, 74, 81, 84, 85, 86, 87, 88, 89, 90, 92, 93, 96, 99, 103, 107, 108, 110, 111, 112, 115, 118, 122, 127, 128, 129, 131, 132, 133, 134, 135, 136, 138, 141, 142, 143, 144, 145, 146, 148, 150, 151, 152, 156, 158, 160, 161, 162, 163, 164, 166, 167, 169, 171, 172, 173, 174, 177, 180, 183, 184, 185, 186, 188, 192, 193, 194, 195, 196, 197, 199, 200, 201, 202, 203, 204, 205, 207, 208, 214, 215, 216, 220, 221, 222, 223, 224, 225, 226, 227, 228, 230, 231, 232, 234, 237, 239, 241, 242, 243, 245, 248, 250, 251, 253, 254, 255, 257, 258, 259, 260, 262, 263, 265, 266, 267, 269, 270, 271, 272, 273, 277, 279, 280, 282, 283, 285, 287, 289, 291, 292, 294, 299, 300, 304, 305, 306, 307, 308, 310, 314, 317, 318, 320, 321, 324, 325, 326, 327, 328, 329, 331, 336, 338, 340, 341, 342, 343, 344, 345, 346, 347, 348, 351, 352, 355, 361, 363, 364, 365, 366, 368, 369, 374, 376, 377, 378, 379, 381, 383, 384, 385, 387, 388, 390, 392, 393, 394, 397, 398, 399, 400, 402, 406, 407, 409, 410, 411, 413, 414, 415, 418, 419, 420, 422, 424, 427, 428, 432, 433, 436, 438, 443, 444, 446, 448, 449, 450, 451, 452, 453, 454, 456, 460, 461, 463, 467, 468, 469, 470, 471, 473, 474, 476, 478, 479, 480, 482, 483, 484, 485, 487, 489, 490, 491, 493, 497, 498, 499]
Attack was successful on: 201  images.
Number of pixels modified(Mean): 73.59203980099502
Number of pixels modified(Median): 43.0
Number of pixels modified(Mode): ModeResult(mode=array([23]), count=array([6]))
Pielou Measure is: (0.6752808503604004-0j)
TIME TAKEN IN GENERATION OF ABOVE EXAMPLES:  2.7700216536521913 seconds.


Output bound : [-10 to 10]                                             
quickshift used: 
Attack was successful on: 300  images.
Number of pixels modified(Mean): 81.10333333333334
Number of pixels modified(Median): 49.5
Number of pixels modified(Mode): ModeResult(mode=array([21]), count=array([13]))
Pielou Measure is: (0.852576675354955-0j)
TIME TAKEN IN GENERATION OF ABOVE EXAMPLES:  3.47767675447464 seconds.
