Prediction vector:
[[-0.01015221 -0.01599693  0.0264659  -0.018613    0.035624  ]
 [ 0.026444   -0.02158158  0.02131378 -0.02159096  0.02998108]
 [ 0.02810421 -0.02164683  0.0214202  -0.02169692  0.03039056]
 [ 0.02758338 -0.02114113  0.02486978 -0.0234388   0.03062748]
 [ 0.03902666 -0.02147252  0.02551781 -0.02336019  0.03068728]
 [ 0.0232646  -0.02132774  0.0218486  -0.02156759  0.02793257]
 [ 0.02640322 -0.01722571  0.02300952 -0.01722567  0.02616536]
 [ 0.01864654 -0.02105084  0.02105885 -0.01612677  0.02912674]]

Prediction vector min:
[3 3 3 3 3 3 1 1]

(unsat_epsilon, sat_epsilon)
(0.016937255859375,0.0170135498046875)

Output vector:
[[-0.01954754 -0.01599693  0.02684189  0.07284742  0.03562401]
 [ 0.01094582 -0.02158158  0.02201257  0.03367284  0.02998109]
 [ 0.01206459 -0.02164683  0.02214341  0.03549754  0.03039056]
 [ 0.01321117 -0.02114113  0.02551781  0.02780995  0.03062748]
 [ 0.02514377 -0.02147252  0.02614377  0.02614377  0.03068728]
 [ 0.01109266 -0.02132774  0.02239742  0.02183539  0.02793257]
 [ 0.02200952 -0.01722571  0.02300952  0.02300952  0.02616536]
 [ 0.01818423 -0.02105083  0.0210797   0.01918423  0.02912674]]

Output vector min:
[0 1 1 1 1 1 1 1]
