Attack was successful on: 455  images.
[30, 30, 30, 30, 30, 0, 0, 0, 0, 0]
[2, 0, 48, 100, 0, 0, 0, 0, 0, 0]
Mean k value: 1287.6923076923076
Median k value: 900.0
Mode k value: ModeResult(mode=array([900]), count=array([296]))
Pielou Measure is: (0.3007469964866402-0j)
TIME TAKEN IN GENERATION OF ABOVE EXAMPLES:  68.52953290422758 seconds.

Failed Adversarial Indices:  [0, 11, 12, 18, 21, 23, 32, 35, 40, 42, 46, 47, 54, 56, 65, 70, 76, 81, 86, 93, 98, 100, 110, 111, 116, 117, 122, 124, 127, 128, 149, 150, 152, 155, 159, 161, 164, 165, 169, 172, 174, 177, 190, 195, 200, 201, 202, 213, 217, 219, 223, 227, 234, 236, 239, 240, 249, 253, 264, 269, 270, 272, 274, 277, 280, 288, 289, 290, 291, 297, 311, 314, 318, 321, 322, 323, 326, 335, 336, 338, 341, 345, 347, 351, 356, 358, 360, 363, 371, 377, 381, 385, 386, 387, 391, 398, 401, 404, 405, 409, 412, 414, 421, 425, 428, 429, 432, 434, 435, 440, 441, 443, 453, 456, 457, 458, 464, 470, 472, 474, 475, 477, 489, 502, 505, 508, 511, 514, 520, 521, 525, 528, 539, 541, 544, 545, 557, 561, 564, 575, 577, 583, 584, 591, 599]
